$ANSIBLE_VAULT;1.1;AES256
38623535623562393939366366383866643339303866396238393639386463663661356263343030
6365643363353531636364643639346533353533336539370a346434663731356632366439363465
33313630303236386333333435386365343530643463326661616364343637373433643832376563
3965333931323336620a396135646264663665386533646638643064663337326638363861623639
39623362643039386238646166336132383264323065343538373366333332623562373137613938
37616161343835636530656334336437323130613261316337383132623166393138666630353337
66353636366134623136323066376438636637363138646433376463656564656265373131383339
37306432366163336430383031656161333662663636376432303437346537393232303236623033
64353833323534393237653939303136373131386665373766666661323261396135653533643831
30646437636661646130623066366330653632643962616535323830636633356233616136643835
36316665343562323736663261626161613030656335663861313531623963363832393166656361
31326131393566653334666537373038633531616530326236323637313861623963353338393430
31356531343838323638333438663032396539636439323339663437363164616365323836316136
6666623964376431663234333662643265386234366665336264
