$ANSIBLE_VAULT;1.1;AES256
38663964303734323834316464663437643237383535373938336131613461306661616136373437
6166613663326137623234343536633431326132373937630a343136396463346533303264363237
61373031313261616534393638393535396632336266613937343864343438393763666336343235
6631613036326164350a613366393131313435383239626133356137356335313966323461383530
32373534666465386335366363306564633730386561633639343734343762306232366664643831
30333063613532633433373265373138373532623234323439346637326337643565613630326164
31646530633061616461376236396564663964616339353231646465666666336435316339343861
39323536316232663433653838393931393966666632326138646436353963373639636365353337
39353264356463316138356262366233646263323736326337343934643234643635316331613064
32333166353763636339666233353464303238616537616265643664323335653932386234616437
31373865633032333933613061316366663163316232346631366165616361346361623034343130
61386535643264346138316438363365373937383566646132623936353366386233303739376165
65636135666435396566656463343630636634643931366639343764373762336638383739313364
36663739323961386435376433663563396336353839663634613464376536316332373035656665
61336137366432336139333838613566626164313734656533343130373261343334306461383164
37616638343335663839663063626461303761653130383361393630396639623064663932353763
63336464303634373163663564316464373935643462653165343438393861376664393364383734
38363139326236313632336139336334323162313537643830316531306439336635386636393538
37626332353562363835356632613266396361646437363461663431313762303438633831346635
62623662616665643437653033396330326162623766666339663034373039343230653937616539
35623765643066326133386335323566613136356236393439383732646636363634303061663431
62373761366237323032626131326435366438626663353333613436346530623564613563623833
373161393636343231306538613463373838
